//
[1]21.03 - 20.04
[1.1]21.03 - 30.03
[1.2]31.03 - 09.04
[1.3]10.04 - 19.04

[2]20.04 - 20.05
[2.1]20.04 - 29.04
[2.2]30.04 - 09.05
[2.3]10.05 - 20.05

[3]21.05 - 21.06
[3.1]21.05 - 01.06
[3.2]01.06 - 11.06
[3.3]11.06 - 21.06

[4]21.06 - 22.07
[4.1]21.06 - 02.07
[4.2]02.07 - 12.07
[4.3]12.07 - 22.07

[5]22.07 - 23.08
[5.1]22.07 - 03.08
[5.2]03.08 - 13.08
[5.3]13.08 - 23.08

[6]23.08 - 23.09
[6.1]23.08 - 03.09
[6.2]03.09 - 13.09
[6.3]13.09 - 23.09

[7]23.09 - 23.10
[7.1]23.09 - 03.10
[7.2]03.10 - 13.10
[7.3]13.10 - 23.10

[8]23.10 - 22.11
[8.1]23.10 - 02.11
[8.2]02.11 - 12.11
[8.3]12.11 - 22.11

[9]22.11 - 21.12
[9.1]22.11 - 01.12
[9.2]01.12 - 11.12
[9.3]11.12 - 21.12

[10]21.12 - 20.01
[10.1]21.12 - 01.01
[10.2]01.01 - 10.01
[10.3]10.01 - 20.01

[11]20.01 - 18.02
[11.1]20.01 - 30.01
[11.2]30.01 - 09.02
[11.3]09.02 - 18.02

[12]19.02 - 20.03
[12.1]19.02 - 01.03
[12.2]01.03 - 10.03
[12.3]10.03 - 20.03